0.999999999999999
0.9999999999999991
0.9999999999999992
0.9999999999999993
0.9999999999999994
0.9999999999999996
0.9999999999999997
0.9999999999999998
0.9999999999999999
1.0
1.0
1.0
1.0
1.0
1.0
1.0
1.0
1.0
1.0
1.0
1.0
1.0
1.0
1.0
1.0
1.0
1.0
1.0
1.0
1.0
1.0
1.0
1.0
1.0
1.0
1.0
1.0
1.0
1.0
1.0
1.0
1.0
1.0
1.0
1.0
1.0
1.0
1.0
1.0
1.0
1.0
1.0
1.0
1.0
1.0
1.0
1.0
1.0
1.0
1.0
1.0
1.0
1.0
1.0
1.0
1.0
1.0
1.0
1.0
1.0
1.0
1.0
1.0
1.0
1.0
1.0
1.0
1.0
1.0
1.0
1.0
1.0
1.0
1.0
1.0
1.0
1.0
1.0
1.0
1.0
1.0
1.0
1.0
1.0
1.0
1.0
1.0
1.0
1.0
1.0
1.0
1.0
1.0
1.0
1.0
1.0
1.0
1.0
1.0
1.0
1.0
1.0
1.0
1.0
1.0
1.0
1.0
1.0
1.0
1.0
1.0000000000000002
1.0000000000000024
1.0000000000000235
1.0000000000001896
1.0000000000014284
1.0000000000104186
1.0000000000740106
1.0000000005137009
1.0000000034954541
1.0000000234001618
1.0000001547117818
1.000001013611244
1.0000065872150568
1.0000424961094072
1.0002748504319279
1.001743354167995
1.0065958193203346
1.014635990126267
1.0249968395795583
1.0368531572695936
1.049550849499212
1.0626478439177824
1.075873722895156
1.0890728851076001
1.1021642864183863
1.1151150564243955
1.1279229999395857
1.1406042755763512
1.1531836461867673
1.165686557726796
1.17813347740903
1.1905369175727507
1.2029010201645876
1.2152230526504362
1.2274958713795525
1.2397104117165654
1.251857539092869
1.2639289952620607
1.2759175266673788
1.2878164849050542
1.2996192296523668
1.3113185874253426
1.322906491864095
1.3343738127847697
1.3457103073318923
1.356904601717775
1.3679441164604864
1.3788148574446542
1.389501003093958
1.3999842171881165
1.4102426223451991
1.420250147029987
1.429979624854128
1.4393984135314737
1.448401240104463
1.4571037924348336
1.4668068032924166
1.4726561228919206
1.3706864195203843
0.6973878274598113
0.5267488145231821
0.531733371064891
0.541571102461252
0.5503190861848413
0.5592282938096137
0.568593965716811
0.5782851489961105
0.5882572217462919
0.5984859850833824
0.6089441977509232
0.6196083129738961
0.6304591460041207
0.6414804734405799
0.6526580901517363
0.6639792657296127
0.6754325022401995
0.6870075005015289
0.6986951970381017
0.7104877226393795
0.722378149215317
0.7343599509815423
0.7464262255292186
0.7585688858202705
0.7707781922571594
0.783043064764136
0.795352520791625
0.807698287777906
0.8200781725764194
0.8324992662618946
0.8449797314428379
0.8575479648727261
0.8702384291711712
0.883084257119224
0.8961073767093505
0.9093068160962303
0.9226449261835163
0.9360293298806136
0.9492857489626352
0.9621192294959894
0.9740717054009133
0.9844933811154147
0.9926082003200034
0.9977310106981597
0.9995958908369349
0.9999290616935412
0.9999876088492843
0.999997858268876
0.9999996340859503
0.9999999384058849
0.999999989824941
0.9999999983567549
0.9999999997415411
0.999999999960553
0.9999999999941773
0.9999999999991708
0.9999999999998853
0.9999999999999832
0.9999999999999957
0.9999999999999969
0.9999999999999971
0.9999999999999972
0.9999999999999973
0.9999999999999974
0.9999999999999976
0.9999999999999977
0.9999999999999978
0.9999999999999979
0.999999999999998
0.9999999999999981
0.9999999999999982
0.9999999999999983
0.9999999999999984
0.9999999999999986
0.9999999999999987
0.9999999999999988
0.9999999999999989
