0.9999999999944458
0.9999999999998769
0.9999999999999988
1.0
1.0
1.0
1.0
1.0
1.0
1.0
1.0
1.0
1.0
1.0
1.0
1.0
1.0
1.0
1.0
1.0
1.0
1.0
1.0000000000000004
1.000000000000024
1.0000000000009208
1.000000000025292
1.0000000005313834
1.0000000088894982
1.0000001218196253
1.000001398232672
1.0000137089625547
1.0001171395858728
1.000893038113888
1.0061639667257447
1.028177768220431
1.0666504561703565
1.114640647534691
1.166441912109046
1.2186572956922292
1.2695530080554713
1.3182778445468735
1.3656402317304939
1.4146956636841646
1.4421832425693648
1.1949807654878304
0.5995376663399289
0.5629525152054666
0.6062372963351594
0.6557440219965851
0.7043766521198656
0.7548777341058542
0.807104774937725
0.8597372713086004
0.9101698429451233
0.9538975387874213
0.9846390013506967
0.9973556178682526
0.9995955356712501
0.9999449676070489
0.9999935558575227
0.9999993666012796
0.9999999489991005
0.9999999967370008
0.9999999998408151
