0.9999999999999954
0.9999999999999956
0.9999999999999957
0.9999999999999958
0.9999999999999959
0.999999999999996
0.9999999999999961
0.9999999999999962
0.9999999999999963
0.9999999999999964
0.9999999999999966
0.9999999999999967
0.9999999999999968
0.9999999999999969
0.999999999999997
0.9999999999999971
0.9999999999999972
0.9999999999999973
0.9999999999999974
0.9999999999999976
0.9999999999999977
0.9999999999999978
0.9999999999999979
0.999999999999998
0.9999999999999981
0.9999999999999982
0.9999999999999983
0.9999999999999984
0.9999999999999986
0.9999999999999987
0.9999999999999988
0.9999999999999989
0.999999999999999
0.9999999999999991
0.9999999999999992
0.9999999999999993
0.9999999999999994
0.9999999999999996
0.9999999999999997
0.9999999999999998
0.9999999999999999
1.0
1.0
1.0
1.0
1.0
1.0
1.0
1.0
1.0
1.0
1.0
1.0
1.0
1.0
1.0
1.0
1.0
1.0
1.0
1.0
1.0
1.0
1.0
1.0
1.0
1.0
1.0
1.0
1.0
1.0
1.0
1.0
1.0
1.0
1.0
1.0
1.0
1.0
1.0
1.0
1.0
1.0
1.0
1.0
1.0
1.0
1.0
1.0
1.0
1.0
1.0
1.0
1.0
1.0
1.0
1.0
1.0
1.0
1.0
1.0
1.0
1.0
1.0
1.0
1.0
1.0
1.0
1.0
1.0
1.0
1.0
1.0
1.0
1.0
1.0
1.0
1.0
1.0
1.0
1.0
1.0
1.0
1.0
1.0
1.0
1.0
1.0
1.0
1.0
1.0
1.0
1.0
1.0
1.0
1.0
1.0
1.0
1.0
1.0
1.0
1.0
1.0
1.0
1.0
1.0
1.0
1.0
1.0
1.0
1.0
1.0
1.0
1.0
1.0
1.0
1.0
1.0
1.0
1.0
1.0
1.0
1.0
1.0
1.0
1.0
1.0
1.0
1.0
1.0
1.0
1.0
1.0
1.0
1.0
1.0
1.0
1.0
1.0
1.0
1.0
1.0
1.0
1.0
1.0
1.0
1.0
1.0
1.0
1.0
1.0
1.0
1.0
1.0
1.0
1.0
1.0
1.0
1.0
1.0
1.0
1.0
1.0
1.0
1.0
1.0
1.0
1.0
1.0
1.0
1.0
1.0
1.0
1.0
1.0
1.0
1.0
1.0
1.0
1.0
1.0
1.0
1.0
1.0
1.0
1.0
1.0
1.0
1.0
1.0
1.0
1.0
1.0
1.0
1.0
1.0
1.0
1.0
1.0
1.0
1.0
1.0
1.0
1.0
1.0
1.0
1.0
1.0
1.0
1.0
1.0
1.0
1.0
1.0
1.0
1.0
1.0
1.0
1.0
1.0
1.0
1.0
1.0
1.0
1.0
1.0
1.0
1.0
1.0
1.0
1.0
1.0
1.0
1.0
1.0
1.0
1.0
1.0
1.0
1.0
1.0
1.0
1.0
1.0
1.0
1.0
1.0
1.0
1.0
1.0
1.0
1.0
1.0
1.0
1.0
1.0
1.0
1.0
1.0
1.0
1.0
1.0
1.0
1.0
1.0
1.0
1.0
1.0
1.0
1.0
1.0
1.0
1.0
1.0
1.0
1.0
1.0
1.0
1.0
1.0
1.0
1.0
1.0
1.0
1.0
1.0
1.0
1.0
1.0
1.0
1.0
1.0
1.0
1.0
1.0
1.0
1.0
1.0
1.0
1.0
1.0
1.0
1.0
1.0
1.0
1.0
1.0
1.0
1.0
1.0
1.0
1.0
1.0
1.0
1.0
1.0
1.0
1.0
1.0
1.0
1.0
1.0
1.0
1.0
1.0
1.0
1.0
1.0
1.0
1.0
1.0
1.0
1.0
1.0
1.0
1.0
1.0
1.0
1.0
1.0
1.0
1.0
1.0
1.0
1.0
1.0
1.0
1.0
1.0
1.0
1.0
1.0
1.0
1.0
1.0
1.0
1.0
1.0
1.0
1.0
1.0
1.0
1.0
1.0
1.0
1.0
1.0
1.0
1.0
1.0
1.0
1.0
1.0
1.0
1.0
1.0
1.0
1.0
1.0
1.0
1.0
1.0
1.0
1.0
1.0
1.0
1.0
1.0
1.0
1.0
1.0
1.0
1.0
1.0
1.0
1.0
1.0
1.0
1.0
1.0
1.0
1.0
1.0
1.0
1.0
1.0
1.0
1.0
1.0
1.0
1.0
1.0
1.0
1.0
1.0
1.0
1.0
1.0
1.0
1.0
1.0
1.0
1.0
1.0
1.0
1.0
1.0
1.0
1.0
1.0
1.0
1.0
1.0
1.0
1.0
1.0
1.0
1.0
1.0
1.0
1.0
1.0
1.0
1.0
1.0
1.0
1.0
1.0
1.0
1.0
1.0
1.0
1.0
1.0
1.0
1.0
1.0
1.0
1.0
1.0
1.0
1.0
1.0
1.0
1.0
1.0
1.0
1.0
1.0
1.0
1.0
1.0
1.0
1.0
1.0
1.0
1.0
1.0
1.0
1.0
1.0
1.0
1.0
1.0
1.0
1.0
1.0
1.0
1.0
1.0000000000000002
1.000000000000003
1.000000000000024
1.0000000000001588
1.0000000000010134
1.0000000000064393
1.000000000040878
1.0000000002595
1.0000000016479507
1.0000000104721958
1.0000000665827695
1.000000423383138
1.0000026963857445
1.0000172732397574
1.0001111942228371
1.0005997751243976
1.001771944680906
1.0035366308400875
1.0057853396141962
1.0084044479416536
1.0112900935842757
1.014356507313025
1.0175383771746866
1.0207884883766225
1.0240739416944522
1.027372500423306
1.030669594905109
1.0339561454727089
1.037227046620379
1.0404800956814255
1.0437151994326588
1.0469337434844235
1.050138061097799
1.0533309772281085
1.05651542604755
1.0596941498163335
1.062869486980778
1.0660432512037523
1.0692166944782895
1.0723905395744395
1.0755650617854626
1.0787401981386737
1.081915663773718
1.0850910592242875
1.0882659577142109
1.0914399671577812
1.0946127664390526
1.0977841191798703
1.1009538703796362
1.104121932092199
1.107288263961857
1.110452853337059
1.11361569820072
1.1167767946375358
1.119936129251498
1.123093675996477
1.1262493963344085
1.1294032414538262
1.13255515537909
1.1357050780689235
1.138852947937296
1.141998703547518
1.14514228447918
1.1482836315250768
1.1514226864442296
1.1545593914961187
1.157693688936131
1.1608255205882647
1.1639548275483518
1.1670815500218847
1.17020562727002
1.173326997624694
1.1764455985347568
1.1795613666139872
1.1826742376736403
1.1857841467329966
1.1888910280091614
1.1919948148915507
1.19509543990761
1.198192834685363
1.2012869299164786
1.2043776553215502
1.2074649396177308
1.2105487104879542
1.2136288945506661
1.2167054173290694
1.219778203219204
1.2228471754565065
1.2259122560807652
1.2289733658995312
1.232030424450104
1.235083349960175
1.2381320593071732
1.2411764679762876
1.2442164900171087
1.2472520379988004
1.2502830229637045
1.2533093543792906
1.256330940088357
1.2593476862574031
1.2623594973230847
1.2653662759366728
1.2683679229064153
1.2713643371377117
1.274355415570989
1.2773410531171714
1.2803211425906194
1.283295574639421
1.2862642376728866
1.2892270177861234
1.29218379868153
1.2951344615870546
1.2980788851710516
1.3010169454535565
1.3039485157137913
1.3068734663936998
1.309791664997299
1.3127029759856157
1.3156072606669789
1.3185043770823934
1.3213941798857343
1.3242765202184625
1.327151245578556
1.330018199683315
1.3328772223256935
1.3357281492237714
1.3385708118629644
1.3414050373305344
1.3442306481419317
1.34704746205847
1.349855291895801
1.3526539453226087
1.3554432246489014
1.3582229266032422
1.3609928420981954
1.3637527559832177
1.366502446784163
1.3692416864285024
1.3719702399552829
1.3746878652087862
1.3773943125147419
1.3800893243378693
1.3827726349194187
1.3854439698932541
1.3881030458789168
1.3907495700499506
1.3933832396756305
1.3960037416340645
1.398610751894454
1.4012039349660919
1.4037829433114644
1.4063474167205472
1.4088969816431303
1.4114312504756654
1.4139498207987695
1.4164522745611314
1.418938177205118
1.4214070767289497
1.4238585026798571
1.4262919650721335
1.4287069532234173
1.4311029345016317
1.4334793529736753
1.4358356279450717
1.4381711523775786
1.4404852911700123
1.4427773792875023
1.445046719727285
1.4472925813149973
1.449514196331252
1.4517107579668116
1.4538814175847627
1.4560252817256938
1.4581414087400353
1.4602288048015943
1.4622864188858335
1.4643131382255847
1.4663077870722692
1.468269090376646
1.4701956205019246
1.4720866248577846
1.4739410443202217
1.4757413035646167
1.4775135241215238
1.4794879591994603
1.4809703486777999
1.437745556826819
0.8352519391243749
0.5229279802223513
0.5194734016251269
0.5213558361858714
0.5232484731728106
0.5250102135785703
0.5268349920430736
0.5287063727868876
0.530612559385595
0.5325539768699812
0.5345296418678477
0.5365381035808102
0.5385781305466606
0.5406485771437682
0.5427483547143588
0.5448764360389919
0.5470318499060232
0.5492136757270234
0.5514210396067918
0.5536531110386104
0.5559091000191122
0.5581882544517427
0.5604898577374536
0.5628132265134611
0.5651577085364456
0.567522680715845
0.5699075472989441
0.5723117382018098
0.5747347074742747
0.5771759318849052
0.5796349096124911
0.5821111590326238
0.5846042175901419
0.5871136407499569
0.5896390010199152
0.5921798870400465
0.594735902732984
0.5973066665107137
0.5998918105331662
0.6024909800145449
0.6051038325736543
0.6077300376248433
0.610369275806499
0.6130212384442997
0.6156856270466858
0.6183621528302191
0.6210505362727001
0.6237505066920874
0.626461801849417
0.6291841675740747
0.6319173574099011
0.6346611322807282
0.6374152601740612
0.6401795158417152
0.6429536805163083
0.6457375416425954
0.6485308926227032
0.6513335325743954
0.6541452661015632
0.6569659030761897
0.6597952584310952
0.6626331519628145
0.6654794081440097
0.6683338559448558
0.6711963286628775
0.6740666637607539
0.6769447027116352
0.6798302908515506
0.6827232772385105
0.6856235145179316
0.6885308587940435
0.6914451695069478
0.6943663093150296
0.6972941439824353
0.7002285422713502
0.7031693758388254
0.7061165191379183
0.7090698493229265
0.7120292461585054
0.714994591932476
0.7179657713721372
0.7209426715639091
0.723925181876145
0.7269131938849552
0.729906601302898
0.7329052999103999
0.7359091874897729
0.7389181637617094
0.7419321303241394
0.7449509905933445
0.7479746497472298
0.7510030146706602
0.7540359939027659
0.7570734975861205
0.7601154374176937
0.7631617266014631
0.7662122798025841
0.7692670131030223
0.7723258439585919
0.7753886911574017
0.7784554747797788
0.7815261161598066
0.7846005378486269
0.7876786635795865
0.7907604182351117
0.793845727814865
0.796934519404322
0.8000267211425333
0.8031222621876877
0.8062210726794299
0.8093230836979016
0.8124282272212725
0.8155364360859196
0.8186476439558595
0.8217617853096179
0.8248787954521952
0.8279986105559
0.8311211677257724
0.8342464050732591
0.837374261767474
0.8405046780203941
0.8436375949560978
0.846772954321039
0.8499106980181848
0.8530507674957434
0.8561931030889297
0.8593376434911425
0.8624843256008617
0.8656330850268918
0.8687838575077598
0.8719365813844365
0.8750912010440047
0.8782476709317786
0.881405959346766
0.88456605085995
0.8877279459269632
0.8908916562247975
0.8940571945411622
0.8972245587671982
0.9003937107070497
0.9035645519462402
0.906736900730538
0.909910475405751
0.9130848910804028
0.9162596763850667
0.9194343161363319
0.9226083231151836
0.9257813380057883
0.9289532510916926
0.9321243332248935
0.9352953578821179
0.938467692053771
0.9416433325110418
0.9448248665175695
0.9480153423568535
0.9512180440962723
0.9544361745733743
0.9576724575229576
0.9609286705536103
0.9642051119144505
0.9674999832641776
0.9708086380564147
0.9741226029195543
0.9774282383273987
0.9807049010376353
0.9839225304064075
0.9870387720879908
0.989996298511123
0.992721556934025
0.9951266104128614
0.9971174662760863
0.9986097955051535
0.999543348146863
0.9999164633628937
0.9999849864113171
0.999997304727964
0.9999995161709784
0.9999999132701942
0.9999999844746396
0.9999999972233367
0.9999999995037538
0.9999999999113625
0.9999999999841708
0.9999999999971672
0.9999999999994842
0.9999999999998961
0.9999999999999686
0.9999999999999805
0.999999999999982
0.9999999999999822
0.9999999999999823
0.9999999999999825
0.9999999999999826
0.9999999999999827
0.9999999999999828
0.9999999999999829
0.999999999999983
0.9999999999999831
0.9999999999999832
0.9999999999999833
0.9999999999999835
0.9999999999999836
0.9999999999999837
0.9999999999999838
0.9999999999999839
0.999999999999984
0.9999999999999841
0.9999999999999842
0.9999999999999843
0.9999999999999845
0.9999999999999846
0.9999999999999847
0.9999999999999848
0.9999999999999849
0.999999999999985
0.9999999999999851
0.9999999999999852
0.9999999999999853
0.9999999999999855
0.9999999999999856
0.9999999999999857
0.9999999999999858
0.9999999999999859
0.999999999999986
0.9999999999999861
0.9999999999999862
0.9999999999999863
0.9999999999999865
0.9999999999999866
0.9999999999999867
0.9999999999999868
0.9999999999999869
0.999999999999987
0.9999999999999871
0.9999999999999872
0.9999999999999873
0.9999999999999875
0.9999999999999876
0.9999999999999877
0.9999999999999878
0.9999999999999879
0.999999999999988
0.9999999999999881
0.9999999999999882
0.9999999999999883
0.9999999999999885
0.9999999999999886
0.9999999999999887
0.9999999999999888
0.9999999999999889
0.999999999999989
0.9999999999999891
0.9999999999999892
0.9999999999999893
0.9999999999999895
0.9999999999999896
0.9999999999999897
0.9999999999999898
0.9999999999999899
0.99999999999999
0.9999999999999901
0.9999999999999902
0.9999999999999903
0.9999999999999905
0.9999999999999906
0.9999999999999907
0.9999999999999908
0.9999999999999909
0.999999999999991
0.9999999999999911
0.9999999999999912
0.9999999999999913
0.9999999999999915
0.9999999999999916
0.9999999999999917
0.9999999999999918
0.9999999999999919
0.999999999999992
0.9999999999999921
0.9999999999999922
0.9999999999999923
0.9999999999999925
0.9999999999999926
0.9999999999999927
0.9999999999999928
0.9999999999999929
0.999999999999993
0.9999999999999931
0.9999999999999932
0.9999999999999933
0.9999999999999934
0.9999999999999936
0.9999999999999937
0.9999999999999938
0.9999999999999939
0.999999999999994
0.9999999999999941
0.9999999999999942
0.9999999999999943
0.9999999999999944
0.9999999999999946
0.9999999999999947
0.9999999999999948
0.9999999999999949
0.999999999999995
0.9999999999999951
0.9999999999999952
0.9999999999999953
